cam_model: ATAN
cam_width: 376
cam_height: 240
cam_fx: 0.523886
cam_fy: 0.820977
cam_cx: 0.509999
cam_cy: 0.466394
cam_d0: 0.630593

