cam_model: Pinhole
cam_width: 752
cam_height: 480

cam_fx: 413.302235
cam_fy: 412.780865
cam_cx: 381.449698
cam_cy: 238.430120
cam_d0: -0.141866
cam_d1: 0.027531
cam_d2: -0.001090
cam_d3: 0.000242